25985526743 -> 25s


final int amountOfDays = 5;
        final int amountOfNonWorkingDays = 1;
        final int amountOfWorkers = 3;
        final int[][] workersCoverage = {
//              {0,  1,  2,  3,  4,  5,  6,  7,  8,  9,  10, 11, 12, 13, 14, 15, 16, 17, 18, 19, 20, 21, 22, 23},
                {0,  0,  0,  0,  0,  0,  1,  1,  1,  1,  1,  1,  1,  1,  1,  1,  1,  1,  1,  1,  1,  1,  0,  0},//1
                {0,  0,  0,  0,  0,  0,  1,  1,  1,  1,  1,  1,  1,  1,  1,  1,  1,  1,  1,  1,  1,  1,  0,  0},//2
                {0,  0,  0,  0,  0,  0,  1,  1,  1,  1,  1,  1,  1,  1,  1,  1,  1,  1,  1,  1,  1,  1,  0,  0},//3
                {0,  0,  0,  0,  0,  0,  1,  1,  1,  1,  1,  1,  1,  1,  1,  1,  1,  1,  1,  1,  1,  1,  0,  0},//4
                {0,  0,  0,  0,  0,  0,  1,  1,  1,  1,  1,  1,  1,  1,  1,  1,  1,  1,  1,  1,  1,  1,  0,  0},//5
amountOfDays=5 amountOfNonWorkingDays=1 amountOfWorkers=3
161934491187

final int amountOfDays = 5;
        final int amountOfNonWorkingDays = 1;
        final int amountOfWorkers = 3;
        final int[][] workersCoverage = {
//              {0,  1,  2,  3,  4,  5,  6,  7,  8,  9,  10, 11, 12, 13, 14, 15, 16, 17, 18, 19, 20, 21, 22, 23},
                {0,  0,  0,  0,  0,  0,  1,  1,  1,  1,  1,  1,  1,  1,  1,  1,  1,  1,  1,  1,  1,  1,  0,  0},//1
                {0,  0,  0,  0,  0,  0,  1,  1,  1,  1,  1,  1,  1,  1,  1,  1,  1,  1,  1,  1,  1,  1,  0,  0},//2
                {0,  0,  0,  0,  0,  0,  1,  1,  1,  1,  1,  1,  1,  1,  1,  1,  1,  1,  1,  1,  1,  1,  0,  0},//3
                {0,  0,  0,  0,  0,  0,  1,  1,  1,  1,  1,  1,  1,  1,  1,  1,  1,  1,  1,  1,  1,  1,  0,  0},//4
                {0,  0,  0,  0,  0,  0,  1,  1,  1,  1,  1,  1,  1,  1,  1,  2,  2,  2,  2,  2,  1,  1,  0,  0},//5
amountOfDays=5 amountOfNonWorkingDays=1 amountOfWorkers=3
71016851656

final int amountOfDays = 5;
        final int amountOfNonWorkingDays = 1;
        final int amountOfWorkers = 3;
        final int[][] workersCoverage = {
//              {0,  1,  2,  3,  4,  5,  6,  7,  8,  9,  10, 11, 12, 13, 14, 15, 16, 17, 18, 19, 20, 21, 22, 23},
                {0,  0,  0,  0,  0,  0,  1,  1,  1,  1,  1,  1,  1,  1,  1,  1,  1,  1,  1,  1,  1,  1,  0,  0},//1
                {0,  0,  0,  0,  0,  0,  1,  1,  1,  1,  1,  1,  1,  1,  1,  1,  1,  1,  1,  1,  1,  1,  0,  0},//2
                {0,  0,  0,  0,  0,  0,  1,  1,  1,  1,  1,  1,  1,  1,  1,  1,  1,  1,  1,  1,  1,  1,  0,  0},//3
                {0,  0,  0,  0,  0,  0,  1,  1,  2,  2,  2,  2,  1,  1,  1,  1,  1,  1,  1,  1,  1,  1,  0,  0},//4
                {0,  0,  0,  0,  0,  0,  1,  1,  1,  1,  1,  1,  1,  1,  1,  2,  2,  2,  2,  2,  1,  1,  0,  0},//5
amountOfDays=5 amountOfNonWorkingDays=1 amountOfWorkers=3
18059973714

final int amountOfDays = 4;
        final int amountOfNonWorkingDays = 1;
        final int amountOfWorkers = 3;
        final int[][] workersCoverage = {
//              {0,  1,  2,  3,  4,  5,  6,  7,  8,  9,  10, 11, 12, 13, 14, 15, 16, 17, 18, 19, 20, 21, 22, 23},
                {0,  0,  0,  0,  0,  0,  1,  1,  1,  1,  1,  1,  1,  1,  1,  1,  1,  1,  1,  1,  1,  1,  0,  0},//1
                {0,  0,  0,  0,  0,  0,  1,  1,  1,  1,  1,  1,  1,  1,  1,  1,  1,  1,  1,  1,  1,  1,  0,  0},//2
                {0,  0,  0,  0,  0,  0,  1,  1,  1,  1,  1,  1,  1,  1,  1,  1,  1,  1,  1,  1,  1,  1,  0,  0},//3
                {0,  0,  0,  0,  0,  0,  2,  2,  2,  2,  2,  2,  2,  2,  1,  1,  1,  1,  1,  1,  1,  1,  0,  0},//4
amountOfDays=4 amountOfNonWorkingDays=1 amountOfWorkers=3
402688436

final int amountOfDays = 4;
        final int amountOfNonWorkingDays = 1;
        final int amountOfWorkers = 3;
        final int[][] workersCoverage = {
//              {0,  1,  2,  3,  4,  5,  6,  7,  8,  9,  10, 11, 12, 13, 14, 15, 16, 17, 18, 19, 20, 21, 22, 23},
                {0,  0,  0,  0,  0,  0,  1,  1,  1,  1,  1,  1,  1,  1,  1,  1,  1,  1,  1,  1,  1,  1,  0,  0},//1
                {0,  0,  0,  0,  0,  0,  1,  1,  1,  1,  1,  1,  1,  1,  1,  1,  1,  1,  1,  1,  1,  1,  0,  0},//2
                {0,  0,  0,  0,  0,  0,  1,  1,  1,  1,  1,  1,  1,  1,  1,  1,  1,  1,  1,  1,  1,  1,  0,  0},//3
                {0,  0,  0,  0,  0,  0,  1,  1,  1,  1,  2,  2,  2,  2,  1,  1,  1,  1,  1,  1,  1,  1,  0,  0},//4
amountOfDays=4 amountOfNonWorkingDays=1 amountOfWorkers=3
345421168
